51
 1 0 0 0 3
 2 4 0 0 2
 3 5 0 4 2
 4 4 0 5 2
 5 0 0 4 2
 6 2 8 0 3
 7 0 8 2 2
 8 2 8 4 2
 9 4 8 4 2
10 4 8 2 2
11 2 8 0 2
12 0 0 0 3
13 0 4 0 2
14 4 0 0 3
15 4 4 0 2
16 5 0 4 3
17 5 4 4 2
18 4 0 5 3
19 4 4 5 2
20 0 0 4 3
21 0 4 4 2
22 2 8 0 3
23 2 4 0 2
24 0 8 2 3
25 0 4 2 2
26 2 8 4 3
27 2 4 4 2
28 4 8 4 3
29 4 4 4 2
30 4 8 2 3
31 4 4 2 2
32 2 4 0 3
33 4 4 0 2
34 2 4 0 3
35 0 4 0 2
36 0 4 2 3
37 0 4 0 2
38 0 4 2 3
39 0 4 4 2
40 2 4 4 3
41 0 4 4 2
42 0 4 4 3
43 4 4 5 2
44 4 4 4 3
45 4 4 5 2
46 4 4 4 3
47 5 4 4 2
48 4 4 2 3
49 5 4 4 2
50 4 4 2 3
51 4 4 0 2